{
 "metadata": {
  "kernelspec": {
   "display_name": "Python 3",
   "language": "python",
   "name": "python3"
  },
  "language_info": {
   "codemirror_mode": {
    "name": "ipython",
    "version": 3
   },
   "file_extension": ".py",
   "mimetype": "text/x-python",
   "name": "python",
   "nbconvert_exporter": "python",
   "pygments_lexer": "ipython3",
   "version": "3.6.1"
  },
  "name": "",
  "signature": "sha256:8166363ca0c9c1348e6224bf108b5787549799f1e8ca874b0e698c0af8d53326"
 },
 "nbformat": 3,
 "nbformat_minor": 0,
 "worksheets": [
  {
   "cells": [
    {
     "cell_type": "code",
     "collapsed": true,
     "input": [
      "import numpy as np\n",
      "import matplotlib.pyplot as plt\n",
      "from sklearn import svm, datasets\n"
     ],
     "language": "python",
     "metadata": {},
     "outputs": [],
     "prompt_number": 2
    },
    {
     "cell_type": "code",
     "collapsed": false,
     "input": [
      "# import some data to play with\n",
      "iris = datasets.load_iris()\n",
      "X = iris.data[:,:2]\n",
      "y = iris.target\n",
      "print(y)"
     ],
     "language": "python",
     "metadata": {},
     "outputs": [
      {
       "output_type": "stream",
       "stream": "stdout",
       "text": [
        "[0 0 0 0 0 0 0 0 0 0 0 0 0 0 0 0 0 0 0 0 0 0 0 0 0 0 0 0 0 0 0 0 0 0 0 0 0\n",
        " 0 0 0 0 0 0 0 0 0 0 0 0 0 1 1 1 1 1 1 1 1 1 1 1 1 1 1 1 1 1 1 1 1 1 1 1 1\n",
        " 1 1 1 1 1 1 1 1 1 1 1 1 1 1 1 1 1 1 1 1 1 1 1 1 1 1 2 2 2 2 2 2 2 2 2 2 2\n",
        " 2 2 2 2 2 2 2 2 2 2 2 2 2 2 2 2 2 2 2 2 2 2 2 2 2 2 2 2 2 2 2 2 2 2 2 2 2\n",
        " 2 2]\n"
       ]
      }
     ],
     "prompt_number": 5
    },
    {
     "cell_type": "markdown",
     "metadata": {},
     "source": [
      "# Important hyperparameters \n",
      "\n",
      "- Kernel: shape of seperators (linear vs. rbf vs. poly)\n",
      "- gamma: defines influence of a single training example\n",
      "- C: defines tradeoff between smooth decision boundry and classyfing points correctly\n",
      "\n",
      "Kernel:  \n",
      "RBF is the default setting and is used to create a non-linear hyperplane.The same goes for poly. Linear is used to create a linear hyperplance. How to choose the right Kernel you ask?? Cross Validate!\n",
      "\n",
      "Gamma:  \n",
      "a higher gamma value allows close data points to greatly influence the decision boundry. The opposite is true for low gamma values. \n",
      "\n",
      "C:   \n",
      "A large C value leads to a higher accuracy.\n"
     ]
    },
    {
     "cell_type": "code",
     "collapsed": false,
     "input": [
      "# we create an instance of SVM and fit out data. We do not scale our\n",
      "# data since we want to plot the support vectors\n",
      "svc = svm.SVC(kernel='rbf', C=1,gamma=.1,probability = False).fit(X, y)\n"
     ],
     "language": "python",
     "metadata": {},
     "outputs": [],
     "prompt_number": 134
    },
    {
     "cell_type": "code",
     "collapsed": true,
     "input": [
      "#create a mesh to plot in\n",
      "x_min, x_max = X[:, 0].min() - 1, X[:, 0].max() + 1\n",
      "y_min, y_max = X[:, 1].min() - 1, X[:, 1].max() + 1\n",
      "h = (x_max / x_min)/100\n",
      "xx, yy = np.meshgrid(np.arange(x_min, x_max, h),\n",
      " np.arange(y_min, y_max, h))"
     ],
     "language": "python",
     "metadata": {},
     "outputs": [],
     "prompt_number": 131
    },
    {
     "cell_type": "code",
     "collapsed": false,
     "input": [
      "plt.subplot(1, 1, 1)\n",
      "Z = svc.predict(np.c_[xx.ravel(), yy.ravel()])\n",
      "Z = Z.reshape(xx.shape)\n",
      "plt.contourf(xx, yy, Z, cmap=plt.cm.Paired, alpha=0.8)\n",
      "plt.scatter(X[:, 0], X[:, 1], c=y, cmap=plt.cm.Paired)\n",
      "plt.xlabel('Sepal length')\n",
      "plt.ylabel('Sepal width')\n",
      "plt.xlim(xx.min(), xx.max())\n",
      "plt.title('SVC with polynomial kernel')\n",
      "plt.show()"
     ],
     "language": "python",
     "metadata": {},
     "outputs": [
      {
       "metadata": {},
       "output_type": "display_data",
       "png": "iVBORw0KGgoAAAANSUhEUgAAAYUAAAEWCAYAAACJ0YulAAAABHNCSVQICAgIfAhkiAAAAAlwSFlz\nAAALEgAACxIB0t1+/AAAIABJREFUeJzsvXmcI2d5qPu8tWjplnqb6dlnPB57PNjY2BizZQhrFpJw\n8T3GSYgJxA6JE04IybnJDTj3BBKSkBxzsjsX7LB5gGATsxlMAmTBQAiGMRgvmPE++957a62q9/xR\n1T1Sq6SWuqXuVvf3/H6ypa8+ffVKo663vncVVcVgMBgMBgBruQUwGAwGw8rBKAWDwWAwzGKUgsFg\nMBhmMUrBYDAYDLMYpWAwGAyGWYxSMBgMBsMsRikYVjQiMiUiuxocf0ZEfmwJ5PhDEflYp8/TCiLy\nBhH5cpNz68ovIi8XkSPtlW5hLNW/p6E+RikYABCRl4jIN0VkXERGROQ/ReT5IvIiEZkWkUzMe74n\nIm+NnieiC8/j0fxnRORDIrJzMXKpakZVn4rO8RER+ZPFrLeaUNWPq+pPLLcchtWFUQoGRKQP+ALw\nd8AQsBX4I6Coqt8CjgDXznnPpcAlwCeiobuA1wLXAf3A5cD9wKuW4CMYVgAi4iy3DIbFY5SCAeAi\nAFX9hKr6qppX1S+r6oPR8duBN815z5uAL6rq2Wi7/+PA1ar6HVX1VHVcVf9eVT8492QicoOIfL7i\n9eMi8k8Vrw+LyBXRcxWRC0XkRuANwO9FJqXPVyx5hYg8GO1y7hSRVNyHFJHrox3QLdHcH4rIqyqO\nbxGRu6Od0hMi8qt11rlHRH5zztiDIvLfKmT+9ehzjYnI34uIRMcsEfmfInJQRE6JyD4R6Y+O7Yze\ne0P0HYxG6zw/Wn9MRG6Z83m+UfH6b6L3TYjI/SLyo3Hyz4eIvE1EfiAi26LXrxGRB6Lzf1NEnlMx\n9xkRebuIPAhMi4gTjf1uvX+TRusZVgCqah5r/AH0AWcJL/4/BQzOOb4d8IDt0WuLcPfwf0ev/xy4\nt4Xz7QLGonW2AAeBIxXHRgEreq3AhdHzjwB/MmetZ4BvR+sMAY8Cv17nvNdHn+N/AC7w88A4MBQd\n/xrw/wMp4ArgNPDK6NgfAh+Lnv8ccF/FupdH31+iQuYvAAPAjmidV0fHfhl4IvqcGeDTwEejYzuj\n974/kuEngALwWWAD4Q7uFPCyis/zjQo5fhFYBzjA7wAngNRc+WO+l5dXfP/vBL4LDEevnxud84WA\nDfxS9J0nK77/B6LfSHq+f5Mm1/ux5f6bWMsPs1MwoKoTwEsIL0j/AJyO7pg3RscPA18F3hi95VVA\nErgner0OON7C+Z4CJgkvvC8FvgQcE5FnAS8Dvq6qQQsf4W9V9ZiqjgCfj9atxyngr1W1rKp3AgeA\nnxGR7cBe4O2qWlDVB4APULtDArgbuEhEdkev3wjcqaqlijl/rqpjqnoI+I8Kmd4A/KWqPqWqU8BN\nwOvnmF7+OJLhy8A08AlVPaWqR4GvE15Ya1DVj6nqWQ13an9B+G+0p8F3UYmIyF8SKqJXqOrpaPxG\n4FZVvU/DXeTtQBF4UcV7/1ZVD6tqfs5Y3L9JM+sZlhGjFAwAqOqjqnq9qm4DLiW8y/vriim3c04p\nvBG4Q1XL0euzwOYWT3kv4R3qS6PnXyVUCC+LXrfCiYrnOcI78HocVdXKKpAHCT/rFmBEVSfnHNs6\ndwFVLQB3Ar8oIhbwC8BHm5RpZmdUeQ4H2FgxdrLieT7mdezni0w2j0YmmzFC3876uLkxDBBesP9M\nVccrxs8Dficy9YxF626PPscMh2PWq/f5m1nPsIwYpWCoQVV/SGiqubRi+NPANhF5BXANoZKY4V+B\nF8zYoJtkRin8aPT8XuZXCu0o6bt1xr4fsQM4Fj2GRCQ759jROuvcTnjX/yogp6r/1eT5jxFeGCvP\n4VF94W+ZyH/we4SmrUFVHSA0jUnDN55jFHgN8GER2Vsxfhj4U1UdqHj0qOonKua08u/SzHqGZcQo\nBQMi8iwR+Z0Kx+J2wrvfb83MUdVpwgijDwMHVXV/xbF/Bb4CfEZEnhc5G7ORk/SX65z2XuAVhHbo\nI4RmkVcTmqK+V+c9Jwlt8YthA/A2EXFF5GeBiwkd5oeBbwJ/JiKpyPn5ZiA2tj9SAgHwF9TuEhrx\nCeB/iMj5Eob5vofQ9OQt/CMBkCVULqcBR0TeSegrahpV/Sqhovu0iLwgGv4H4NdF5IUS0isiPzNH\nebZCu9cztBmjFAwQ2vdfCNwnItOEyuBhQmdlJbcT3uXui1njWuCLhGaV8ej9VxHuImpQ1ceAKUJl\nMOPXeAr4T1X168j5QeCSyOzw2aY/XTX3AbuBM8CfAteq6tno2C8QOnuPAZ8B3hUpvHrsAy6jjuKo\nw4cIlcjXgKcJHcm/2fAdzfEl4F+AxwhNUgXizToNUdWvEDrDPy8iV0bK/1eBWwh3E08QOrgXRLvX\nM7QfqTavGgyrFxG5HvgVVX1Jm9Z7E3Bju9YzGFYCZqdgMCwAEekB/jtw23LLYjC0E6MUDIYWEZGf\nJLTdnwT+cZnFMRjaijEfGQwGg2EWs1MwGAwGwyxdV8Cqf3CdbtzaSji8wWBYafTmjjI+VkREcBL2\ncouzJnjsxNgZVR2eb17XKYWNW7fxd3c1VULeYDCsQDY/+giP3PnHIMKWXUPLLc6a4eXv+dTB+Wd1\noVIwGAzdSTlxD9/5PYdnOR/Gcmw2nTew3CIZYjBKwWAwdJxbHrmO6/4p4FkObLlg3XKLY2iAUQoG\ng6GjZK7fy3U7twNGIXQDJvrIYDB0jBfvfzuHdm4HMQqhWzA7BYPB0BE2P/oI93zhoHEodxlGKRgM\nhrZiHMrdjVEKBoOhbRiHcvdjfAoGg6EtzCgEMAqhmzFKwWAwtBWjELoboxQMBsOiqdwlGLob41Mw\nGAyLwuQhrC7MTsFgMCyYzY8+YvIQVhlmp2AwGFrGhJ2uXoxSMBgMLWHCTlc3RikYDIamMf6D1U9H\nfQoi8oyIPCQiD4jI/pjjIiJ/KyJPiMiDInJlJ+UxGAwLx9QxWhssxU7hFap6ps6xnwJ2R48XAu+L\n/m8wGFYQpo7R2mG5o4+uBvZpyLeAARHZvMwyGQyGCsqJewCwHNsohDVAp5WCAl8WkftF5MaY41uB\nwxWvj0RjVYjIjSKyX0T2j4+OdEhUg8EQx0u/+bWwfaZhTdBppfASVb2S0Ez0GyLy0oUsoqq3qepV\nqnpV/6C5UzEYlopKs5EJO10bdNSnoKpHo/+fEpHPAC8AvlYx5SiwveL1tmjMYDAsIyYPYe3SMaUg\nIr2ApaqT0fOfAN49Z9rdwFtF5A5CB/O4qh7vlEwGg2F+TB7C2qaTO4WNwGdEZOY8/6iq/yIivw6g\nqu8Hvgj8NPAEkANu6KA8BoNhHkwegqFjSkFVnwIujxl/f8VzBX6jUzIYDIbmefH+t3PPTB7CLqMQ\n1iomo9lgMJg8BMMsy52nYDAYlply4h4+9fEjJg/BAJidgsGw5nnpN7/GpHMQsJdbFMMKwOwUDIY1\njMlDMMzF7BQMhjWIyUMw1MMoBYNhjZG5fi+Hdm43eQiGWIz5yGBYQ8yWv8YoBEM8ZqdgMKwRMtfv\njfIQTNipoT5mp2AwrDGMQjA0wigFg2ENUNk1zWBohDEfGQyrHJOtbGgFoxQMhlWKCTs1LASjFAyG\nVYgpf21YKManYDCsQt7x3oOAUQiG1jFKwWBYZZQT9/Dlbe9cbjEMXYoxHxkMqwhjNjIslo7vFETE\nFpHvicgXYo5dLyKnReSB6PErnZbHYFitZK7fy3X/FABGIRgWzlLsFH4LeBToq3P8TlV96xLIYTCs\nWkzXNEO76OhOQUS2AT8DfKCT5zEY1jLVeQhGIRgWR6fNR38N/B4QNJjzOhF5UETuEpHtcRNE5EYR\n2S8i+8dHRzoiqMHQjWx+9BEeufOPTdc0Q9vomFIQkdcAp1T1/gbTPg/sVNXnAF8Bbo+bpKq3qepV\nqnpV/6D54RtaQ1XJl33GCmVG82WmSx6B6nKL1T5MgxxDG+nkTmEv8FoReQa4A3iliHyscoKqnlXV\nYvTyA8DzOiiPYY0yVfLJewGBggJFX5koeGiXK4aZXYLB0E465mhW1ZuAmwBE5OXA76rqL1bOEZHN\nqno8evlaQoe0wdA2/EApB7UX/wAoegEpt/v6EpvyFYZOsuR5CiLybmC/qt4NvE1EXgt4wAhw/VLL\nY1jdeDEKYfZYF+4UTB6CodMsiVJQ1a8CX42ev7NifHY3YTB0AqtBqWhLuquOdOb6vVxnuqYZOowp\nc2FY1TiW1FUMSbu7fv6XvfUlYR6CUQiGDmLKXBhWNSJCX9JhquTPmpIsgV7Xxm60jVhh3PLIdYx8\nITBNcgwdxygFw6rHihTDTBiqECqLbuHF+98eKgRMtrKh8xilYFgzdJsPASqzlY1CMCwNRikYDCsQ\nE3ZqWC6MUjB0HapKruxT9ENzkGsJPV3mI5iPwevew7N2bjdOZcOS013hFwYDMFk6pxAAyoEyUVxd\npSuyb79tuUUwrFHMTsHQVXiBxiakKWGGcroLM5QrmWs2MhiWGqMUDF2F3yhDucGxbsBkKxtWAkYp\nGJacmUJ0CwkLbeQ3cLrYp2CylQ0rBaMUDEuGqjJd9ilF/gBbhN6E3dLF3LEER6SmbpEASac7XWSZ\n6/dyyHRNM6wQuvOvyNCVTBbPKQQAX5XJBTiIs0mbhH1OkThWmJzWjXkIlRiFYFgJmJ2CYUnwAo2t\nSqpAwQvoacFBLCJkEs6izFArhdldgsGwQjA7BcOS0MhB3OhYI0SkqxXCi/e//ZzZyPgRDCsEoxQM\nS8JKdhCr6pLnOLx4/9uj8hVizEaGFUXHlYKI2CLyPRH5QsyxpIjcKSJPiMh9IrKz0/IYlgfHktiL\n/3I6iIPIpzFa8BgreIwXyksb1iqwZZfpOW5YWSzFX+NvUb/N5puBUVW9EPgr4H8tgTyGZSKbsEnZ\nMlv92V1GB7FGCqGyVaevLElm9OwuwWBYgXRUKYjINuBngA/UmXI1cHv0/C7gVdLNRmJDQ0SEnoTD\nYNplKO2STTrLVq/ICxS/zrW/4AUdO++5qqfGbGRYmXQ6+uivgd8DsnWObwUOA6iqJyLjwDrgTOUk\nEbkRuBFgw5ZtHRPWsHZoZCXqxE7BVD01dAsdUwoi8hrglKreLyIvX8xaqnobcBvARZde3t21DAwt\n4wUBqmALWFZ7NreNdih2mzerpnyFoZvopPloL/BaEXkGuAN4pYh8bM6co8B2ABFxgH7gbAdlMnQR\nXhAwki8zUfSZLPmMFX3yZb8tazuW4NZxfKfa7Ph+x3tD/4FRCIZuoGNKQVVvUtVtqroTeD3w76r6\ni3Om3Q38UvT82miO2QkYCIKAiWKtAsh7AWW/PTb/TMIm5Vhhe04gYQv9KaetuQ/lxD18eds727ae\nwdBpljyjWUTeDexX1buBDwIfFZEngBFC5WEwVPVLmEuu5NOfXvz9jEjYnKeVbOpWMGYjQzeyJEpB\nVb8KfDV6/s6K8QLws0shg6G7aOTs7VxsUPswVU8N3YrJaDZ0jKIX+gB8v3U/gNvAoWwv0LrjRw16\nlsJCedlbX2LKVywxfrmEXyo29e+rqi3NX0uYgniGtlP0fKbL5+7n84BrKdlk8z+3hGMhZZ+4P9dM\nojVzjx8oUyVvNi9BgN6ETcLuzD1R5vq93BPVNDJ0Hr9UJHfqEIFXBkAsm54N23BSvW2Zv9YwOwVD\nW/H9aoUwQzlQCi1GDvUnbZyKC6sF9CXtlsJSVZXJCoUAYWXWqZK/4EJ8jZgtcocphb0UqAZMH3+a\noFwCVVBFfY/pEwdnL/pNz/e9ZfgEKw+jFAxtJd/IQdxiprBlWfSlwuznobTLQNrFaTFPwQu0bqJa\n0WtPeOsMVdnKxmy0JHi5qXjzj0Jpaqy1+ZO189cixnxkaCvBCuuT3DBzuU3nMNnKy0d4dx/3j6xo\nzE4h8MvhDiFuvl87fy1ilIKhrSQdCy/GfASNt6WqYS0iVcWxzvVJmBkHxV5A/4RGZbkbObNb4aXf\n/BqTzkGzO1gGnGRP/AERnHQmfr5Qq0dEjE8hwpiPDG0l6dR3AmcT8T83P1DGix4TRS/MXC54FD2/\nanyieG68FWxLqlp3zmAJseML4ZneNxmn8jJhJ1M46SxU3SwIlpvE6aktuWYn06GyaHL+WmTenYKI\nJIHXATsr56vquzsnlqFbaRjeJ7VKQVWZKHpVN24KkbO6escxM+5YVkvVVXtdG9dSCl4YzZSwLdKO\ntejM5blmI8Py0LNhG6XJUUqTo6CKm+kn2beu7r9vz4btLc1fazRjPvocMA7cDxQ7K46h22nUpKbg\n+fQmqn9yXqCxFuFGxK3TCBEh6Ujbm/nc+r2Pc50TGLPRMiMiJPuGSPY117Co1flrjWb+srap6qs7\nLolhVdC4JHVr8+uxUlzZ73jvwdnwU4NhtdDMrdM3ReSyjkti6AiqStkPKPlBRzI3567vNrDTxyWL\nNZpfj3Y5iBdD5vq9ZN9+m/ElzEFV8fLTlPNTaNANBUkMc6m7UxCRhwhvyhzgBhF5itB8JICq6nOW\nRkTDQvECZaroEXAu4KLHsUi1qQCcF4QtLStVTY9jkbKFwpx8BbuOY9cSqTvfESjOua7UW2epKCfu\nYfC69yCAJRZGK5zDK+bInThUcfOhpNdvJZHpX1a5DK3RyHz0miWTwtB2ZnoQn/vzDMl5AY5tNQzV\nXMj6M+S8gGzCxrHDtpaqSsK2whLVdRx5adfGsbVmPoAb1I4vl0OwUiFcMHgRA/k7eEiVY0+NsGXX\n2rZPaxAwfeIgzNkd5M8cxU6msd3EMklmaJW6+3BVPaiqB4E/mXleObZ0IhoWQiMHbqENmbyN1i/6\nAQnboi/p0J9ySbt2wwu5iMTOrze+HNzyyHUMXvcebHG4YPAiAMb2HeKaq/eAKicOru1sWC8/WSeH\nTMMoH0PX0Ixx9tmVL0TEBp7XGXEM7aKR96AdroVOr7+SuOWR63jHew9ii8P5A7uqjo3tO8QB/4Zl\nkmzloL5P3V9F0N5yIobO0sincBPw+0BaRCZmhoESUb9kw8qlkXmoHdVB51s/CIJZP0HCltmaRapK\nOQo5cizBWuCdf7vWmY/M9Xt5B3BhtDswxBOXPQyEmcImKayraGQ++jNVzQLvVdW+6JFV1XWqetN8\nC4tISkS+LSLfF5FHROSPYuZcLyKnReSB6PEri/w8hghLhHRMXL4t8Rm+C1nfrfPrUQ0YK/oUvICC\nF7bVnCiU8YKAsYLHVMlnKspcXkjP5Xat04hy4h4y1+9FmF8hXPuGHQSez7GnRtoqQzdhuQkS2aHq\nTGERnGRPfYVhWJE02ilcGT39p4rns6jqd+dZuwi8UlWnRMQFviEi/6yq35oz705VfWtLUhuaIu3a\nOJZQ9AMCDe/gk3br9YPiCIKAOiWOyHm1ZgRPqdtz2a3YScxH6OCu7bMQrrN4BzrUOpTnY/jWm7ns\n197FQ3fW3PesKVJDG3HSvVWZwm5vv8kU7jIaRR/9RfT/FHAV8H1C89FzgP3AixstrGFc2lT00o0e\nq8zavPJxbQu3A81k5oaQLmotLyBTpy7SXMqNHNyej9NCpnMcjfwHjdidv4O7/DdjHfzImq2SKiK4\nPVlcYy7qahqZj16hqq8AjgNXqupVqvo84LnA0WYWFxFbRB4ATgFfUdX7Yqa9TkQeFJG7RCQ2PVRE\nbhSR/SKyf3x07W7RDY2d2ItVUwtVCAbDaqKZ27M9qvrQzAtVfRi4uJnFVdVX1SuAbcALROTSOVM+\nD+yMEuG+AtxeZ53bIqV0Vf/g2o4HbxVVpeQHFL2gqU5jQRAwXfKYKnmU/foZqe1MIGvk+K6UxwuC\nljOmm2HGf/CO9x7kwsGLGisEV0henCV1WR9WZs6uRAMC368KT9XApzQ1TmlytKoTWL1xg2G5aWav\n/aCIfAD4WPT6DcCDrZxEVcdE5D+AVwMPV4yfrZj2AeDmVtY1NKbsB0yWqu34Kceip05Gc77sk6/o\njlbyfWzx6U+5NXMdy0KI76EcV64eIGFBKaid69bxA8TJ4wikHatqPJRH6q7TiFb8B+6ONH2v2xpu\nVwQyljD9jbPk7xtlbN8h3sIh3pe5gT18BAAvP8X0ycPRu8NvJDkwjJNMM33yEJXfVHJgmNTAcMvy\nGwztpplbqxuAR4Dfih4/iMYaIiLDIjIQPU8DPw78cM6czRUvXws82pzYhvlQVaZKtY7dghfE7gCC\nIKi50AL4SmxkTxAEdc019cbnKoSZuXGVVevJ44XXY/qSNgk7jKTKJGyyidYT2+IS0uriCH2v24qV\nsLCSNlbCRhyL3r3rcDYlZ6dd+4Yd4ecKglAhaBA9wn7AxbHTYeavas24X8y3JL/B0Anm3SmoagH4\nq+jRCpuB26NkNwv4pKp+QUTeDexX1buBt4nIawEPGAGub/Echjo0dMj6QY3zuZHjuOgFpOfsLtrp\naG5VnoIXMOC6TTun42jVf5A4vzfeoWELqcv6mTpxqmrYy0/VzoX6ThFVSlNjpJPpeWUxGDpJo5DU\nT6rqz1UUxqtivoJ4qvogoVN67vg7K57fBMyb82BoL61mHK+0kLHFyrOQhDRx4nchYkWV+ypRZeTk\nJKkWdZapKmpYCTTaKfxW9H9TGK8LaWRfj2s2k7SFgtf8/ESD+a0S5yButP5Cm+W0mn9QSemZaSTG\nyR2UAkoHJmdfD996M9e8aQ+f/tyjqAa1NVRF4rWyWLi97asm6pUKlMbOoBqQ6BvETZswUUNzNApJ\nPR49/TEgEVMUz7CCERF6YlKO3ToOWduyYjOUBUjFXAwdy6JeIFCtWzr8oaVi/Nv15HEsCzdm/Xry\nzMdiFAKA5gOm/u00Wg5QX1HVUCE8OUXpqVzV3LAe0psp01+b4duTpXddbQRdsieJk25P4/jcmeNM\nH32S8vQ4Xm6S3IlDTB17ui1rG1Y/zUQf7QBuFZGdhC05vwZ8XVUf6KBchjaQcmxcy6IY9SZ2bQvX\nqp/RnE26lLyAfDnqZRz1RrBiso1VlXpm/7gAywBwbZukI83Lk6qWJ+mEGdlx8jSiXfkHhQfGKR/J\nk3x2H1bCovj4FOVncnXn+1aGzOb1lCbHQAPc3j7cdJqJQ4/VzC0XCvS5HiUvTqU2T+CVKE/W5vL4\nxRzFyVGS2cFFrW9Y/TTjaH4XzEYQ/Srw/wJ/DZhO5V2AbQk9LWT5JhyLRBPmmfIC+mgW/YBMwumI\nPPVod0Kaf6ZE7t4zTc0NPJ/TxwtsOm/T7FjSyYd+iDkBXYGvaGECnMX1ey6Mna17rDR+1igFw7zM\n+9cpIv8T2AtkgO8Bvwt8vcNyGQyLZjkrnL5l6g5Ox9ZD0gae8na49FdaWICh22jmlu0awpDRe4B7\ngf9S1WJHpTLUJYgylFXD/sa2NC5wV2++FwTky2GuQdIO7fqtmGUWkijWjpLdzbBY/wGAlXVIPiuL\nuELpyWm8k63/5Hfn7+ChOWMlPxnbK9t2bKxUH4762EEONECdnllzUuCVKE9PoEGA25PFrhO6mugb\nolynqU0iO0hQLlHOTaCB4vZkZtepN55M2azfmMayhJHTBaanGmdfB+VITtVIzlTD+YaVRzPmoytF\npI9wt/DjwG0ickpVX9Jx6QxVlPygKiEt74VROr11OpIVPZ/pilKmM/M1UMoV1yUvUCygL0nTikFE\n6mYop2zIzzGPJOyFZRy3SjsUQvJZGbI/vYmoETM9Lxqi8NAEU185Ne975yNQm/U7z+PMMwdRVTRQ\nbMdicNN6CMqMPvMkKAQaYFkWQ1s3MDVtURg5Hm0ClOL4GRKZQVLrNtX8uzuJFE5vP970eNW45SZQ\nhMmjT1Ssc5pEdhArkaJw9njN+HmXXsCFFw8AgghsPz/L8cPTPP149dozFCdHo3XCH1e4zhDpdZti\n5xtWJs2Yjy4FfhR4GWG11MMY89GSUy9DueQrCVtrahGpapVCqJwfR0CYMNbT5M28qtbNULZtm35H\noh2Kzpa07nQJ5Xb4DyRhkf3pTUhlKJYlJC/to3hgkvKhFrOOFY49dZYtu875CopBD4M7L8IOplEN\nwO3F821GnjlAUJFtHvgBI0dPVY2FayqlqVHcTB9OqjZiqXfDNrz8IIXR01FI6hBuT4bJw49Vh8PO\ntMqcu3OJxtcNCXbV7k7YvL2XM6fyTI6Xqt4S+F6VQji3zghubx9Oqqfpr8ywvDRzCfhzIAv8LXBx\nVD31nfO8x9BmyoHWxrxHFGPKQSzIERyzTiN56lHyA2xLSLs2PQkH17a6QiEAuOf3oDGfTVwheUlr\nsf4zPZwPeDfUNODxApsifZRkgJLnkrALsd9RjUKYQZXyVPwdO4CT7iWzZSfZrbtIZgcWlGF97Mnj\nNcOWCMMba01XXm4K4n6hqpSn68tpWHk0Yz4yyWsrhHqX4bXew2RJHMrKgny4Y/sOce2vvZ6H7pxv\nfYm9praXeqUKG0xvZmwW4+ReDSyuI4lhyWhkj49z4C7Efp90LPxAKUZmn0SF2acQVSxVIGFJbCLa\n7Dpd5FCuWfPp6TBkdC6eUnxksna8TRSDZPwOxZLYcURwM/Wb+fT2BljeNBoE2KkMo16G2It2vQxr\nYOuFm2vGgkA5daI2N8PpyUBcNOw8chpWHkvz12tYNCJhNdC51HPgigjJmMxfISxhPRcLEFXGix4F\nL6DoK5MzPZDzZXLeuaqopUCZKCs9MesnbWlLS8z5mKlw2k6FAKAlZeLu42g5ICgHqB+g5YD8A2OU\njyyiiqlqwx7OqhY9Q7U5BIl0itT6reHFe2ZLKEKib6iunX6gN8+JRw9w5MAhjj52hKM/eJxeZ5zU\nui016yT71pHM1volbMfmxAkP3w+ih+L7AUcPTjE1URuBZNkO6fVx66/HMUX+ugqzU+giErbFQEoq\nQkzr9yRWVYoxTuUwU9kmJVSEpFokbGE0pthQI99BWWEg5TQlTzvpdIe00hPTnH3/0yQvyiAJi9KT\n0/hnS/O/sQ6VPZxPHByLbdcZ+B5Tp2uVRjFXoDfrkN1+EeXpCdAAJ53FTiRr5gIkEsrhR5+p8kX4\nns/pw6cOGAC/AAAgAElEQVTZesluRtO7KecmQBUnncVxYOxgbTKe7/mMHj3Jd8bLrN+QxrLDkNR8\nrn7Bq0RmACfVW7V+PTkNK5dGVVI/T6M0G9XXdkQiQ0MsEVLO/MnkjS7mRS8gm3TIJs9tGUoNuqw1\nOkez8rSLpUpI05xP4YH2OUhnejhfbH8k9riXn4o3+atSmhqnZzhDsm/+roO9qTIjMU4m3/PxchNY\nziDJvnORUMH0ybpr5cdGSCUGOH5ket7zzmA5btX6hu6j0U7hfy+ZFIYlpRsd053wH6wkwsijeEdw\nK5Fb2sBhLZZVU16DBju7VmtMGVYHdZWCqt67lIIYqvECnS0cl6goHFdvfC6uJXVjTeIcwY3m1yNh\nNy/PQsmWT7CpeDc99z7A6CUbGTrR31DI5MVZel40CK5F8dFJcl8PvZ/OxiSpy/ohKZQOTFF6ovHd\nb2FYOTOYw9eAoWIPmUMWgjBtFzmVmCQQZajcw0C5B0Gq5xd6yBwO51dR0cN5rgnJSdd3BLvZQfIj\npyhNnAUUpydLat0WbNsm0+eycUsvti2cPplnYkxjHcdiCZLM4k3lKU+Oohrg9vbjpgaA0/Hf5cC6\nul+1V8xRnhybXcdJZ8LfZyFHeap2vF14hei8xJw3ZtzQOhKXcl81QWQ38GfAJcBszrqqNjTmikiK\nsKJqklD53DVTXK9iThLYBzyPMHbh51X1mUbrXnTp5fp3d325oczdTqHsk4vtQQx5T2vG67WijO3R\nbNcvkDdeKMdWPq2nLNKOtCRPq2yb3s/5E18iEYBlWwSlgPLhHBOfOhYrUPbqTST3hLkEIhKWt875\n5P7rLJmXDYMtiCXhOoeidWI4c2GJp8eOEwQBaOh0HezvI30YjqbHCAh7gloq9JVTDG4a4OD4yar5\nQ/39nP9EX41ieF/m9exxPsKWXbWmoHJuktypw1Vjyf5hSpNjqF/r09jzo1ex66JBRATLEnwvYPRs\ngScfeIzTB6vNQr39vZSlh9L4mXNKQwQnnaG3v5fx4yeq5w/24wxsi/1+CqOnKY6fnrNO6D8o1qyf\npWfDtrb8Hgqjp2rWd3v6ECdBaaJ2PD281SiGCl7+nk/dr6pXzTevmf3hh4H3EdY/egXhRfxjTbyv\nCLxSVS8HrgBeLSIvmjPnzcCoql5I2O7zfzWx7qomUK1RCBDuHOZegGfG62Upu7bFYMqh17XpcS36\nk/UrlHpBULcUdr3bhnryLCRxbi5ukOOCiS+REgsr2tlYCYvE9h4SuzM1860hl+SeLFJRC0pEsHps\nMq/cgLjWbKiplbBwd/SQuLA26sbrUZ4ePR46aqOP4Xs+o+PjHO4ZJRCdNc8Eoky4BZ4ZO1Ezf2R8\nnKnttf+OMz2cYz9zT5a+HXtIr99CemgT2W27sZKpWIUAMHn0CLZtYUWfy3Ys0mk4e6T2zj8/lac0\ndpq5GcdefopykKTvvIvo27Ce7PA6Bs67oK5CCLxytUKYWSc3QTF2/Un8QvM+iXoE5VK1QojWL0+P\nVyu6mfHcBH6hfllzQ32aUQppVf03wl3FQVX9Q+Bn5nuThsykUbrRY+7V4mrg9uj5XcCrZI2r9rgm\n9vPRyEksIiQdi5RjYzewH9dTLAthIU7ruWz+qzdhFWvLekjCInlRrVJIXxHftUwk3sZuJazZXUUl\n0xv82DwFv062dyAaW+DO93xGUq1flMSySWQGSPQNYTkupbH6ZbpPHq69+I+cGG05M9rLTSCWi/Ru\nxMpsQq36RezqZkbXQzWMmlokjc8b89uNFIOhdZpRCkURsYDHReStIvLfCMtoz4uI2CLyAHAK+Iqq\n3jdnylbCWkqoqgeMAzWhCyJyo4jsF5H946P1Y71XAwvRiO1QoytFE5cT95C5fi9a8rEkprlPoGhM\n0SUtxSs11fhS1fXWsYL2ZRY7Uicqa56chUqkgbPXivEN2ZbVuvwx33PjuS2eoB0Oa2sB523lcxlm\naeZb+y2gB3gboe3/jcAvNbO4qvqqegWwDXhBVFyvZVT1NlW9SlWv6h+cPyyvm3GsGvfkvLQjgzgu\n0W2hpNrQQ3nd2cF4u5WvFB6qvQPMfTu+XPTMe+LXqQ057T0a4yAmvABbceM6t2jcufnrRtO429Nk\nX7OJvmu2kLwky/BtN3PN1XuwtMDZp59i+sRBSlNjs7uN/sEkey4d5JLL1zG8KU1qXW1W8Qy7Ljuv\nZmzdtvWx35tlW/F3DyIkss1nHLs9dRzi0Vqx62cG8fJTTJ86zPSJQ5SmxmN3V43Pm13AeU0m9UJo\npvbRdwCi3cLbVLXlXH9VHROR/wBeDTxccegosB04IiIO0E98svyaQUTIJm0mi37Vn0DasQhiEtIE\n2pIwZlkWvW5tZVVHoCcRL49rS+y4s4A7w5qENF8Z/6ej9P/s1tkbRLGF6a+fxTteqF2gFFB8fIpk\n5G+odDQXH58ifXl/1bg/6cX2SLB84WJrK4+6RwFFNdxtnD+wmWwmw8PHngzHCXcbu3fvJGOl+P7j\nj1WNX3TpLobK/fS8YAjc0M/hntdD6rI+Hvrk90mkprEo4+XBK0xTmhzj4h+5jO07s1h2OH9gKMnG\nLb18Z/wspTktNsVNkt2wafbiOvO5PA/Wnb+Ls888FU6M5B/euZ2paWH65KGKVZTU0CbsRPM9D8Sy\n6d24g+mTlQ7xaB03ETtemhqlNDEya/f3ClOUp8bo2bijaUdw/fNuxnJdcjHjJnFuYTRTOvsqQmdz\nNno9Dvyyqt4/z/uGgXKkENKEvRjmOpLvJtx1/BdwLfDv2uotxCrEscLM5XKgs81xAMZiMo6V0B+Q\ndBavGJKOjWsJhagxfbLiAj9XHiv6Y6433gr1MpS9YwXO3vIUiZ09YWbxwRyaq/UzAEivTXJXb9VF\nRkQQ1yJ9WX/NuJVxSFyUoXSg1lbdc8LiufY2prcGBJbSe9IhUbAZ+rUdbGY7p4+cxfd81m9dh2s7\niA0bXrQlZlyQih2YlbDw+oXj6XHsSlWqil/Mk7QK2M4534jtWGT7E2y9+HxOH11HYfQEGgQkB4bp\nHehjeFNPzedKpWx6B/oobbuIhFNCVClpkkJg4aShb8cevPwUqoqT7sWyWy9q4KQzddeZO04QRD0c\n5jigC9N4+aloB9D+8y7kcxlCmvnmPgT8d1X9OoCIvIRQSTxnnvdtBm4XEZvQTPVJVf2CiLwb2K+q\ndwMfBD4qIk8AI8DrF/g5Vh0iUtUjoZHztuQHJBfRx7gSy7JieyrMlWe+8WaZN0PZV0pPzh+9ktjR\ng/qKzPlFWwkLjTEfWQmL5O54pQDhjiF76JxPwL2kB/XBTtps2rmhaq76AbYTPz7XDj5yeiwMH50b\nUKABJw6eYvOujVXDjmOxbjjNyOkCvRvPRS4NDM10cKte33Ys1g2nGDlToOjV7gDEsnB7+2I/cyvU\nW2fueGm6ju9EFS832ZJSaOW8hoXTjFLwZxQCgKp+Q0TqF0A5N+9B4Lkx4++seF4AfrZJWdc0jS67\n3Riv1e4MZY2JVALiK4xG48Hc9nAN1w+Is2lrUMeR7ddesAGcBiVB3Jhw4SBQvJhmSXWjoQKl3EJf\njI5j2dTNdLGWrjyKoXmaUQr3isitwCcI/2V/HviqiFwJoKrf7aB8hginQcbxQh27y0UnSlaUnsmh\nnnLyxCme+cFh/LLH5l2b2H7BFiyxEHvOBchX8t8fY9TNcTIxQSABQ+VeNhSzWDHxF6VncmF7urn4\nGrtDIVACP+D04REOPhrKs+WCzWzZuamuotp84WYe/fZjHHr0CBoEDG9fz7P3XsKJY9MMDafYvC2D\nbQunTuQ4dXy6TiSmcvJY/VDYdcMpNm3LYFvhOiePTdfts9MO3J4ssbVlRXAz/ZSnJyhG/gY3008i\nO4C0GDWkM3kSE2EXuUR2ADczYBLXFkgzGc3/0eCwquor2ytSY9ZCRnM9vECZLHpV14IexyLlds8d\nVycrnB5ZN84JGcOPTG2WbdFjJXnxT11FYmN69iKhquAr333ftyOFEH6jlgpp3+WSyS2xkUbOxmTo\n+HYENHR8T375FOkXDuCsS1atr77ywL79nGR89q7esi16rSTulDCSyFVtJMRxsWwLv1jt/BbL4jmv\neAFbzstiR8rf9wOmJ8s8+dgYl16xPsyr0DAC8/EfjHE6pt8BwK49/Wza0ntuHS9garLMg/ef7mh/\nHK+QI3fyUEXEkZJetyUslTE1VpWJbCfT9G7a2dIFPXf6aNjdbZHrrHaazWhuJvroFe0RybBYHEsY\nSDl4QRjl4lgLc+wuF51UCEXxOOaPoBVfR+AH5PwCpyfH2LbpXO8BESGXL3AyNUFQcVMUiJK3y4y4\n06wv16bieCeLnP37p3C3pRHXonwkh70+WaUQZtfP5Tnhj1Wv7wdMeXlIUGNZUt/Dj8kQ1yBg/OQx\ntl9w8eyYbVv0ZFxSSYdvfe04/QNJLFsYHy0S1ElCTKVtNm0Ndxqz6zgWvVmXdcMpzp6KiehqE06q\nh+yOPfiF6dARnOol8Mrkzx6rcUD7xXzoa2jSP+CXitUKoXKdFh3ZhpB592kislFEPigi/xy9vkRE\n3tx50QxxiAiubZGwra5RCDMJaTe99yAXDl7UkR4Ik04hNr8gQDl58FTN+OjJUSQmvyAQZcxtkIms\nUD6cp/TUNFpSUpfGX7xGT4zFrq9S56a8wY795MHazGXHsRhcnwKF8dEio2cKdRUChPkPcedwHIuh\ndc2HpC4UieosuT1ZxLLql76ISm80i9donVyL2dcGoLnktY8AXwK2RK8fA367UwIZVhdLVfLaUauu\nCSTZUxuv7iTc+MkKrjZvjgum4mMunGSdTbjGBw00suK6yVpZg0AplZp3lJfLQew5wnWW3jEd+nji\nb2qkhXBSseqtI7V+JENTNPPtr1fVT4rITRCWoxCR5n+NhjVLnLkoeXGW1JUDWAmh+MMp8veP1i1R\n0Qr9Xhobi2BOwwBLhR17tqGqVSae9VuHkBhzDcCGYn2TQ/KSLOkrBxBXKDw6Se57o/S8ZF3N+sPb\n1mH5UTJ1pe8AsNTCJ2i6asPuKy+oWV9VOXm0+UJzo2cKoa8jbp1jiy9Y1ypOOhsflNRiJrLbkyUf\nuw4ksrXtTQ3z08xOYVpE1hF97VGl0/a1pDKsSuIUQu+rhsm8eiOJbWmcDSnSLx5i4I07QsftIhGE\nKy+7hHQmhe3YOK6N7dhc9oJnEdw7CQGzF0VVpXD/OG5v7R24WOA68fdKmZ/YQPYnN+JuDeXv/ZF1\nDP7CDiY+d2w2c3h2/f3jPGtsE4nADkthBIKlwgXTw/R5tTuXAIuyxp3X4uhRj2LBx/MCvHKA5wUc\neGiEQishtQoP3n+GYrF6nR+2uE67EMsis2lnuCsQa/bRs2E7lptozzpOnd2goSHN7BT+H8LM4wtE\n5D+BYcLsY4MhlriENCvrkL6iH6kIn7VcC/pcUpdkKTy4uIqWVp/D0As38cof2czE2Um8ss/AcB8S\nCFPHT3Hmfz9O8uIskrIoPDLJ9FCZfLG2zIUqHNuZY8dj1Y5ma8AldWkf4p6TX1wLq99FHIsz732c\n5CVZJBmuTymghwRXTGwnZ5fwRcl4SUqWx5PumZpdguM4BF5MiWxRxk+N8J1vBGSyLpYtTI6XFhRG\nmpsq852vnyDT52JZC1+nXdjJNNntF+GXCqABdjLdcjhq7TqKnUwtaB1DSDPRR98VkZcBewh/ygdU\ntdxxyQxdRyP/gbs1VTfj2N3Vu2il4G5No75iORb966udv4nzeyk+NEHx0XNlu0b78vUajjE6PcGO\nOYWA3a0pNNAai4+VsML1H5mk+IPasmCC0Ouf2xlMOgVEqYqSAlC/hCLIXDtI5HhNZAaYmmzPn93U\nxMr58xURnGR6xaxjaGA+EpHni8gmmC1r/TzgT4G/EJHVXarU0DLzOZSD6ToZx74StOEiFUzHO3zr\nrZ8I6psWEm6MY7ee/F6A34L8blDH+Smz/6k9ZBsziGHpaLRTuBX4MQAReSnw58BvEnZRuw1jQjJE\nNJN/UD6cR/MBWtEBDYBAKXyvdRdV6vJ+0s8LHb7FA1Pk7htBC/Hr578/TuqK/nMO4h9OMfztMzyd\nJjZiaXuppqUH5YM5tBSzvkL+++OcSIxzKjVJgDJU6mFLcQAnJopp1iGufpUOsAKhRApXc9VlS0RI\nGodpQ1SV4sTZqPe0kujtJzmwPopMMrRKI8Obraoz1ax+HrhNVT+lqn8AXNh50QzdQCsJaWN3HMY/\nU0TLAUHRJ8j7THzuOP5oazuFzE9vpPeVwzjDSeyBBOnnDTD4ph2M3XUE/2zp3Po5n4nPHqfnR4bI\nvOLc/J6rBhh6406uvPLSmi5rFz5nF5lTMRcThbF/nLu+x8Rnj/F4+RiHe0bJ22WKtseJ1AQPZ48R\nxNTFEIRLJjeTClwsDZ3PTmCxe2oDz58YosC60M4vFmLZ9GzY0ZLjdS2SO3mI4ugpgnIJ9coUJ84y\ndexpVFdQDaguotFOwRYRJzIdvQq4scn3GdYI81Y4nUMw7jH64UNYAy7iCv6ZUsvlFawBl9SzstUO\nX8dCehwSW3sY/dDBqvXtAZfUntr5Vq/D5iu2sOV5Wzl95AzlYplN522EAKbHTlP4fu3uJRgrM/qh\ng9iDLjjh+nkpMdKXQ+XcB1GBsuVzJjHNhlJteGsqcLl8YhsFq4wvAT1+Yjbx7tk////x8J1/wIYt\n/Vhu0pRpmAe/mA8T2OZkNAdeifL0JIlMfJtWQ30a7RQ+QVgM73NAHpgpnX0hJiR1TTOToSw0rxAq\nCcbK+KdbVwgA7uZUbEE5K2HhntdTs77TYP6MAMPb1rPlgs1YjhWus6Oxw9IfPbf+lFNE4pLCRJlw\nYkvBzZIKXHr9ZFUm9u78HfzQ+1VOHpnm5CHzZzYfXjEf/ztSrZ81bWhIXaWgqn8K/A5hRvNLKprf\nWIS+BcMaZKkylOsRTHrEOWTVC/DHakM66873g/gqo16AP9a8OSsROLH+YVFINnBm12Ns3yHeMnUH\nB7wbCBr00DCEWLZTtx2nOMbsthAamoFU9VsxY481s7CIbAf2ARsJ//xuU9W/mTPn5cDngKejoU+r\n6rubWd+wdGjg4X/rLsa++Q/0TXpMDztc7O+of6cvkH7+IOnnRo7gJ6bIff1s3QieVigfyRNMe4jr\n1jh8Cw+Ok35hdF4nPO/0187iTZU4+MhRDv3wCL7ns3HnRvZcvgsXBytDdY2igFjTUT36vBRuYFO0\nvDmZy1I3MzqwlNMXFDmRGyHwA9b3DbL5SA9O7twC175hBw/d2bQYVagGFMfOUJoMS0m7vX0kBzes\nym5kTlRLSWsUaGu9pw3n6OSvxAN+J8pzyAL3i8hXVPUHc+Z9XVVf00E5DIvE+8x7KP7wP8j6itpC\nIQMP6zGeM7E1NsIm+39tInFhJkxOA1KX9pPYlWH0A8+gbaiz44+GvoIZVJWgHJB55TDuzt455+3l\nvk/cx5iVJwjCcx85cJSTB05wRfk8Bl+7FWdTEhSCvM/kF04QTMzbQ2oWQbh4cjNP9J5i2imFPbMD\niwtywyRjM5Th6V3jjIyOz+4Ejp89zchggkvLm7HLi/ch5E4errKzlyZHKeenyG69EFlA/+yVjIjQ\nu/l8cqcOE5TDZETLdkgPb1uVSnAp6Ni3pqrHgePR80kReRTYCsxVCoYVjI4cIXjo33CtqttgfAJO\nJybZXKy+G7MHXZIXZqodu7YgSYvUc/rI7x9blDz2kEtiR0/VLkFEsFyLxK7eqrt+sYXpfJ4xyRFU\n+BVUFU99TpZGkY8HSK+NOBbB+MLyJZLq8OypLZTEIxAlGTixFVsBCuuUkbHxKtOQBkq55DG+3WPo\nqQqTkyrHnjrLll21IbL1iHW8EpbmLk+Pr8p6QLabILv1AgKvDKqI4xoH/SJYktsGEdlJ2JrzvpjD\nLxaR74vIP4vIs5dCHkNzlBP3kPiD+LbZgSiTTm2ZCGdjsq5j19m2+IxTZ2O847hSCVUyMT5VE3YK\nkfx2KL9O+wtWCJUk1CEVuHUVAkC+z4+9YPmez6RzrqfB8K03c83Vezjgv5kTB5tXpH6pTl8EVbxC\ng5LgqwDLcbHchFEIi6TjSkFEMsCngN9W1bm1DL4LnKeqlwN/B3y2zho3ish+Edk/PlqnEbihrdzy\nyHUMXvcebA+smDoyopDyax2p/rgX6/hTL8Afiant0yL+RDl+fT++NHS6JxXbRlMU0gtwBC+WRCH+\nT86yLFK6eHnCInDxpaRNvoOhGTqqFETEJVQIH1fVT889rqoTqjoVPf8i4IrI+ph5t6nqVap6Vf+g\nqbDRaSoT0vb0XBjd/VYjCBtjYvC94wWC0RI6pyy1Biwoc7lm/aMFgolyRWvHiACC8TI6p9HMwPr+\nMEJozvRGjuBO0nNcSKUSNXpNbGHoWG31VFpMwLJTvfG2dJFVaToytJ+OKQUJ93AfBB5V1b+sM2dT\nNA8ReUEkz9lOyWSYn8z1e3lHRYc0QXj+S69geFvYC1gsobe/hxe++nmkEjEXMWDsziOUnplGfUW9\nAO9sifE7j0ThoYtHeqqd26oKjjDx+RPV5z1TZOLOo1w8vol+L43ouR3OxZObSNRxBHcSQdgzspHB\nwYHZ7zOT7eHZbMOdrtYUY/sOce0bdhB4Pseeam6HHDped2Knegl3DILlJsls3mkcr4am6OSvZC/w\nRuAhEXkgGvt9YAeAqr6fsH7SW0TEI0yQe73W3AIaloJ6+Qf2kEvmon5e8Ozn4ZU9Aj8gkUoQlANy\nVwTkvzVas5bmAyY+dQxJCNiC5tsXb5/Y3YuVtmt6IqsqvXuHmLir9rwuNs+a2oRPQCDaUme1TuBO\nC7ufHCRIDBBY4JytbwMfvvVmLvu1d/HQnc1HaluOS2bzTjTwUVWjDAwt0cnoo28wT28pVb0FuKVT\nMhiao1FCmrMhOVsy2nEdiMzelmvhbk6Tp1YpzBB2VGuvjp/JWp6LiGBvTDU8r42FvYJuOaySdNR+\nK5bdbHM3g2GW1RW0bGiZWYeyOLEZyv5IOTaaQ70A73Rt9FGn8U7En1NVCdrgyF65rCBtZljVmH3l\nKkBVyZV9ipGT1bGEXtfGjgnFrKSZCqfeqSLe6SLOxuRs1zRVRX2l8PAEmR/fQOrSPnCE8qEcU185\nhT/SuSYuxeicuMwqqxmL4+S/1+mas8KQhND7imFSz+4DSygdDL+3oE55jd35O7jLuwGe+jCWbbPp\nPJOpa+gcZqewCpgsnVMIAF6gTBQ9ggbumbkO5UaMf/IoxQNTqKdooHgnioz/4xGyr95I6rI+JBH2\nGHB39DDwxh01juB2452ujcXXUoBOtceR3Wn6f27bbGtPsYXEzh4G37gDScb/OVbWQzIYOo3ZKXQ5\nfqB4MclcChS8gB63+gK9kIJ2WgqY/MIJJu85AZaAr9jDCdwtqerMZSt08KYv7yf3X53JJ3E2JHGH\nU7WOZktIXd4f6/heSTibU9jDyape1WIJ6gipyxaf8W0wLBazU+hy/Aa7AX+Oslh0hVMFZkxU6xJ1\nM4udTfGhqu3AXpeozVEgdHw7G1IdO2+7sNfFJ5BZCQt74/zfm6mcaug0Ril0OXaDlP5Kn8J8DuVW\n8c6UYstHaDmo6wxuB/7ZUqzjOygHeKfqlHhoM4GlBK2EMVmAHcrsny3FRgQFpQD/ZOPv7do37Ijq\nIZmsfkPnMOajLse2BMeSGhOSAKnIRNFKy8xm8c+UKB/N425Nz5qQNAgd0PkWSk+3ineqSPlEITRd\nOefOi6ctlbxeCH5SObRjktMjI6gq/f1Zdk6sI1Unz0BSFpmf3EhydwYkzPae/JeTtY77GfkfmlsF\npprhW2/mmjft4dN3H2j7ZzMYZjA7hVVANmGTtM9dmBxL6Es6WCItOZRbZfxTxyg8OE5QCsJKnwdz\njH30EJpbfN+Ehue96yiFBydC57KvlGbO28YkubkoyoFNZ0KFECgojI9N8oh9BK8nftcw8PptJHf3\nhlViLcHZnGLgDduZuPs4hYcn0HIk/9M5Rj96CC02Kb9idguGjmF2CqsAEaE34dBbMVZO3EN/pzuk\necrUv55m6l+XOBS0rEx95RRTXzm1ZKfMb1JyuXyNHyUIAka2ltjweLU/wNmawhpMVJfyjhzxyYuz\nTH3pFFNfal3+sX2HwgznO/6IY0+NsGWXqQVmaC9mp7AKWe6WmauRUjr+Lj7wA3LU+gLswQRxCWfi\nWjjDi3PED996M5e9/l2LWsNgqIdRCquMdjuUDSGpKbumcQ2AbVtkgtqoJ/90MbavgpYCyseWxiFu\nMCwEoxRWETP+g3Y6lA0hqdNCf38Wq7Kfs4DtOgweru2D4J0sUj6WR8vVHda0FFB8uLFDuXm0pQY8\nBkMzGKWwCign7iFz/V4EOuJQNoRc8Mwg2waHcZMutmOzcd06Lp3agl2Kjz4av+sYufvHCHIeQSmg\n+MNJRvcdakuf6uFbb+aAdwOB7xvFYGgrxtHc5Rj/wdJh+cLmx3vYTFSpdT7/uq/k7j1D7t4zHZHn\npmu+yZ995s1cbH+kI+sb1iZmp9DFGP+BwWBoN0YpdCmdSEhbKNJrYw0sfb9jA6CBKX1haCsdMx+J\nyHZgH7CRMDbvNlX9mzlzBPgb4KeBHHC9qn63UzKtFjLX7+UdhP6D5cTK2GRfuxl3cwoUgoLP5D0n\nKR/MLatca4WxfYe46U3w6c+pyVkwtI1O7hQ84HdU9RLgRcBviMglc+b8FLA7etwIvK+D8nQ9cx3K\ny03/67fjbkkjjoW4FnbWpf91W8yuYQkZ23fI5CwY2krHlIKqHp+561fVSeBRYOucaVcD+zTkW8CA\niGzulEzdzEpzKDtbU1gZB7HnRN6IkH5u//IItZYxhfIMbWJJfAoishN4LnDfnENbgcMVr49QqzgQ\nkRtFZL+I7B8fXXs//JXoULYyDrEZu45g95udwlIyfOvNXHP1HlCTt2BYPB1XCiKSAT4F/LaqLihr\nR/I58ogAAAsqSURBVFVvU9WrVPWq/sG1ZTddSQ7lSrwThdpdAmHGbsn4FJacsX2HOOCbzmyGxdPR\nPAURcQkVwsdV9dMxU44C2yteb4vGDKwch3IcwbhH4ZEJkhf3YSWiEtBeQJDzKbQtY9dgMCw1Hdsp\nRJFFHwQeVdW/rDPtbuBNEvIiYFxVj3dKpm5hpTmU6zH1L6eY/rdTeKeK+GMl8vePMXr7QSi30IDG\n0FYCz2Q4GxZHJ3cKe4E3Ag+JyAPR2O8DOwBU9f3AFwnDUZ8gDEld8/vfleZQno/CgxMUHjQ7g5XA\nW6bu4PSvvYuH7vyj5RbF0MV0TCmo6jcgtvNg5RwFfqNTMnQbK9V/YOgedufv4KHlFsLQ1ZiM5hWC\nUQgGg2ElYAriLTMz5qKV6lA2dCEKx546y5Zd65ZbEkMXYnYKy0il/8AoBEM7GNt3iGuu3sMB7waT\nzGZYEEYpLBMrMSHNsDoY23eIa9+wY7nFMHQpRiksA8Z/YOg0u/N3RKUvzi63KIYuwyiFJWamZabp\nkGboJLNmJP/NJm/B0BJGKSwR3ZKQZjAY1jZGKSwB3ZaQZlhFqGnAY2gNoxQ6jHEoG5aLGYdz4Pkm\nEsnQNEYpdBDjUDYsN8O33hw14TH1qAzNYZLXOsRKrnBqWFuY0heGVjA7hTZjHMoGg6GbMUqhjRiH\nsmGlEmY4nzXhqYZ5MUqhTRiHsmGlMrbvEG+ZuoMD3g0EvolGMjTGKIU2YBzKhm4gLH1h+jgbGmOU\nwiIxGcqGbmF3fma3YLqzGerTyXacHxKRUyLycJ3jLxeRcRF5IHq8s1OydALjUDZ0G2P7DnHTNd/k\ngP/m5RbFsILpZEjqR4BbgH0N5nxdVV/TQRk6gnEoGwyG1UrHdgqq+jVg1aVRGoeyoevRwDicDXVZ\nbp/Ci0Xk+yLyzyLy7HqTRORGEdkvIvvHR5dPzxj/gaHbmTEhhWW1V909m6ENLKdS+C5wnqpeDvwd\n8Nl6E1X1NlW9SlWv6h8cWjIBZzD+A8NqYmzfoaj0hcFQy7IpBVWdUNWp6PkXAVdE1i+XPPUw/gPD\nqsXsFgwxLJtSEJFNIiLR8xdEsqyoNlHGf2BYrQzfejPXXL0H1OQtGKrpWPSRiHwCeDmwXkSOAO8C\nXABVfT9wLfAWEfGAPPB6VV0xpRxNQpphtTO27xAHMjdwsdMoQNCw1uiYUlDVX5jn+C2EIasrDlPh\n1GAwrFWWO/poRWEcyoa1SOCZDGfDOYxS+D/t3X+sV3Udx/Hna1ycgT9gwRKEwAwpyg2BIZmoZTkt\nJqY2bGtlY7NVc7OmTecKN5ct6o9+LcWIlFXckkFzzCGtulpRGgghoJgoIlIhNW9RhHl998f53C9f\n9HLh4vd8P5dzXo/tjns+33POfR/u7vf9/Xw+57w/iSeUrY4+s6+Ts69ZwKs9PblDsUHCSQFPKFu9\nTdrfmTsEG0RqnxQ8oWxmdlCtl+P0hLJZErD7mb8z9m1vzh2JZVbLnoInlM0OemnpTq6cOzmtzuaH\n2equdknBE8pmr/fS0p1pER6ru1olBU8omx3epP2dqfTFoCosYG1Wm6TgCWWz/jWGkXrm+7mFGqv8\nRHPvcJEnlM3MjqzSScHzB2bHILwAT51VdvjI8wdmA9c74fzqKz2+E6mmKpkUPH9gduxGL1roRXhq\nrHLDR34gzaxF0loLp00YkTsSa6PK9BT8QJpZ6/T2FlxBtX4qkRQ8oWzWeqMXLWRbz6dyh2FtVlpS\nkLRE0h5Jmw/zuiR9W9LTkjZJmnYsP8cTymZmrVNmT+Ee4NJ+Xr8MmJS+rgPuHOgP8ISyWfm81kK9\nlJYUIuJhoL972uYCS6PwB2CEpDFHe/7ehPD2kWc5IZiV5JYr16ZCeS59URc57z46HXi+aXtXavvL\na3eUdB1FbwJg36XvPG0bwCoAtpca5BswCtibO4g28vVW0WqARVCX6z2oitc74Wh2Oi5uSY2Iu4G7\nc8cxEJLWRcSM3HG0i6+32ny99ZHz7qMXgPFN2+NSm5mZZZIzKdwPfCLdhTQL6I6I1w0dmZlZ+5Q2\nfCRpGXARMErSLmABMBQgIu4CHgA+BDwN/Aeo2g3Rx9VwVwv4eqvN11sTiojcMZiZ2SBRiSeazcys\nNZwUzMyswUmhBJKGSNogaVXuWNpB0g5Jj0vaKGld7njKJmmEpOWSnpT0hKT35I6pLJImp99r79c/\nJd2QO64ySfq8pC2SNktaJunE3DG1k+cUSiDpC8AM4JSImJM7nrJJ2gHMiIiqPezTJ0n3Ar+JiMWS\nTgCGRUTlS4lKGkJx2/i5EfFc7njKIOl04LfAlIjYL+lnwAMRcU/eyNrHPYUWkzQO+DCwOHcs1nqS\nTgUuAH4AEBEv1yEhJBcD26uaEJp0AG+S1AEMA3ZnjqetnBRa75vAF4E6LXQbwBpJ61NJkio7A3gR\n+GEaIlwsaXjuoNrkGmBZ7iDKFBEvAN8AdlKU3OmOiDV5o2ovJ4UWkjQH2BMR63PH0mbnR8Q0isq3\nn5N0Qe6AStQBTAPujIhzgH8DN+cNqXxpmOxy4L7csZRJ0kiKYp1nAGOB4ZI+njeq9nJSaK33Apen\nMfZO4P2SfpQ3pPKlT1dExB5gJTAzb0Sl2gXsiohH0vZyiiRRdZcBj0XE33IHUrIPAM9GxIsR8T9g\nBXBe5pjaykmhhSLilogYFxETKbrav4qISn/KkDRc0sm93wOXAH0urFQFEfFX4HlJk1PTxcDWjCG1\ny8eo+NBRshOYJWmYJFH8fp/IHFNbHRdVUm1Qewuwsvj7oQP4SUSszhtS6a4HfpyGVJ6heiVaDpGS\n/QeBT+eOpWwR8Yik5cBjwCvABmpW8sK3pJqZWYOHj8zMrMFJwczMGpwUzMyswUnBzMwanBTMzKzB\nScEqR9KtqcrlplTZ89wWn/+ivirgHq69BT/vCklTmra7JNVyUXkrn59TsEpJZaznANMi4oCkUcAJ\nmcN6o64AVlGPh+QsM/cUrGrGAHsj4gBAROyNiN0AkqZLeigV7ntQ0pjU3iXpW6lXsVnSzNQ+U9Lv\nU+G7tU1PMR9RetJ7iaRH0/FzU/u1klZIWi3pz5IWNh0zX9JT6ZjvS/qupPMoag59PcV3Ztr9o2m/\npyTNbsV/nBk4KVj1rAHGpzfL70m6EEDSUOA7wNURMR1YAnyl6bhhETEV+Gx6DeBJYHYqfPdl4I4B\nxHErRZmTmcD7KN7Ue6upTgXmAWcD8ySNlzQW+BIwi6KG1jsAImItcD9wU0RMjYjt6Rwd6dw3AAsG\nEJdZvzx8ZJUSEfskTQdmU7wZ/1TSzcA64N3AL1JJjiEUpZF7LUvHPyzpFEkjgJOBeyVNoigPPnQA\noVxCURzxxrR9IvDW9P0vI6IbQNJWYAIwCngoIv6R2u8Dzurn/CvSv+uBiQOIy6xfTgpWORHRA3QB\nXZIeBz5J8ea5JSIOt3Tma+u9BHA78OuI+IikiemcR0vAVRGx7ZDGYtL7QFNTD8f2d9h7jmM93qxP\nHj6ySklrCk9qapoKPAdsA0b3rqcsaaikdzXtNy+1n0+xsEo3cCrF8pMA1w4wlAeB61OlTSSdc4T9\n/whcKGlkWvHrqqbX/kXRazErnZOCVc1JFEM+WyVtAqYAt0XEy8DVwNck/QnYyKF18v8raQNwFzA/\ntS0EvpraB/pp/HaK4aZNkrak7cNKa1LcATwK/A7YAXSnlzuBm9KE9Zl9n8GsNVwl1WpPUhdwY0Ss\nyxzHSWlOpINisaIlEbEyZ0xWP+4pmA0et0naSLFI0bPAzzPHYzXknoKZmTW4p2BmZg1OCmZm1uCk\nYGZmDU4KZmbW4KRgZmYN/we1D4l+EGZxkQAAAABJRU5ErkJggg==\n",
       "text": [
        "<matplotlib.figure.Figure at 0x10cbdf9b0>"
       ]
      }
     ],
     "prompt_number": 132
    },
    {
     "cell_type": "code",
     "collapsed": false,
     "input": [
      "svc.predict_proba(X)"
     ],
     "language": "python",
     "metadata": {},
     "outputs": [
      {
       "metadata": {},
       "output_type": "pyout",
       "prompt_number": 133,
       "text": [
        "array([[  9.67421056e-01,   1.46081619e-02,   1.79707819e-02],\n",
        "       [  8.85553098e-01,   8.13271097e-02,   3.31197925e-02],\n",
        "       [  9.85688750e-01,   7.18503486e-03,   7.12621483e-03],\n",
        "       [  9.85917348e-01,   7.66064850e-03,   6.42200346e-03],\n",
        "       [  9.88109081e-01,   3.68808416e-03,   8.20283531e-03],\n",
        "       [  9.62488080e-01,   1.22275634e-02,   2.52843569e-02],\n",
        "       [  9.96195752e-01,   1.23623833e-03,   2.56800919e-03],\n",
        "       [  9.72557978e-01,   1.23405579e-02,   1.51014642e-02],\n",
        "       [  9.85212274e-01,   9.19927385e-03,   5.58845229e-03],\n",
        "       [  9.30740705e-01,   4.46436098e-02,   2.46156855e-02],\n",
        "       [  9.25015289e-01,   3.07912407e-02,   4.41934703e-02],\n",
        "       [  9.90349738e-01,   3.71976076e-03,   5.93050090e-03],\n",
        "       [  9.32180336e-01,   4.63237799e-02,   2.14958844e-02],\n",
        "       [  9.94132795e-01,   3.01800953e-03,   2.84919514e-03],\n",
        "       [  8.02794063e-01,   6.76639588e-02,   1.29541978e-01],\n",
        "       [  9.58258548e-01,   9.97362301e-03,   3.17678290e-02],\n",
        "       [  9.62488080e-01,   1.22275634e-02,   2.52843569e-02],\n",
        "       [  9.67421056e-01,   1.46081619e-02,   1.79707819e-02],\n",
        "       [  7.67243763e-01,   9.67991340e-02,   1.35957103e-01],\n",
        "       [  9.90301588e-01,   2.17966331e-03,   7.51874819e-03],\n",
        "       [  7.60519571e-01,   1.40062238e-01,   9.94181901e-02],\n",
        "       [  9.86266051e-01,   3.80416402e-03,   9.92978475e-03],\n",
        "       [  9.98099251e-01,   4.05247395e-04,   1.49550115e-03],\n",
        "       [  9.21749241e-01,   4.49735091e-02,   3.32772502e-02],\n",
        "       [  9.90349738e-01,   3.71976076e-03,   5.93050090e-03],\n",
        "       [  8.08803999e-01,   1.40144264e-01,   5.10517367e-02],\n",
        "       [  9.72557978e-01,   1.23405579e-02,   1.51014642e-02],\n",
        "       [  9.43972728e-01,   2.65781904e-02,   2.94490815e-02],\n",
        "       [  9.14088597e-01,   4.60958281e-02,   3.98155747e-02],\n",
        "       [  9.85688750e-01,   7.18503486e-03,   7.12621483e-03],\n",
        "       [  9.60141193e-01,   2.43936486e-02,   1.54651587e-02],\n",
        "       [  7.60519571e-01,   1.40062238e-01,   9.94181901e-02],\n",
        "       [  9.93423508e-01,   8.69788236e-04,   5.70670392e-03],\n",
        "       [  9.73866902e-01,   6.79522708e-03,   1.93378713e-02],\n",
        "       [  9.30740705e-01,   4.46436098e-02,   2.46156855e-02],\n",
        "       [  9.27761906e-01,   4.35640083e-02,   2.86740854e-02],\n",
        "       [  7.38708618e-01,   1.42427556e-01,   1.18863825e-01],\n",
        "       [  9.30740705e-01,   4.46436098e-02,   2.46156855e-02],\n",
        "       [  9.91019827e-01,   4.93394725e-03,   4.04622569e-03],\n",
        "       [  9.50148634e-01,   2.54198706e-02,   2.44314951e-02],\n",
        "       [  9.82254017e-01,   6.68299675e-03,   1.10629865e-02],\n",
        "       [  5.62548625e-01,   3.90937283e-01,   4.65140923e-02],\n",
        "       [  9.96345879e-01,   1.46441217e-03,   2.18970929e-03],\n",
        "       [  9.82254017e-01,   6.68299675e-03,   1.10629865e-02],\n",
        "       [  9.90301588e-01,   2.17966331e-03,   7.51874819e-03],\n",
        "       [  9.32180336e-01,   4.63237799e-02,   2.14958844e-02],\n",
        "       [  9.90301588e-01,   2.17966331e-03,   7.51874819e-03],\n",
        "       [  9.91218916e-01,   4.10697651e-03,   4.67410705e-03],\n",
        "       [  9.56051029e-01,   1.71164426e-02,   2.68325281e-02],\n",
        "       [  9.54604221e-01,   2.48349989e-02,   2.05607806e-02],\n",
        "       [  9.98468437e-04,   2.04721545e-01,   7.94279987e-01],\n",
        "       [  6.47569064e-03,   3.91594118e-01,   6.01930191e-01],\n",
        "       [  9.55808015e-04,   2.38108220e-01,   7.60935972e-01],\n",
        "       [  9.63319208e-03,   7.99186028e-01,   1.91180780e-01],\n",
        "       [  1.24599936e-03,   4.09439731e-01,   5.89314270e-01],\n",
        "       [  2.48707729e-02,   7.02565790e-01,   2.72563437e-01],\n",
        "       [  1.41541041e-02,   4.15235994e-01,   5.70609902e-01],\n",
        "       [  1.74514121e-01,   7.38957005e-01,   8.65288738e-02],\n",
        "       [  1.23529462e-03,   3.57188706e-01,   6.41575999e-01],\n",
        "       [  1.61830116e-01,   7.10713326e-01,   1.27456558e-01],\n",
        "       [  2.46241066e-02,   8.65237140e-01,   1.10138753e-01],\n",
        "       [  2.31364394e-02,   6.12879286e-01,   3.63984274e-01],\n",
        "       [  1.10815111e-03,   6.79962367e-01,   3.18929482e-01],\n",
        "       [  6.78490403e-03,   5.56619373e-01,   4.36595723e-01],\n",
        "       [  5.83129028e-02,   7.00850482e-01,   2.40836615e-01],\n",
        "       [  1.66094643e-03,   2.96929507e-01,   7.01409547e-01],\n",
        "       [  9.17205719e-02,   6.68298392e-01,   2.39981036e-01],\n",
        "       [  1.09151546e-02,   6.90135071e-01,   2.98949774e-01],\n",
        "       [  6.11688706e-04,   6.10441799e-01,   3.88946512e-01],\n",
        "       [  1.25885507e-02,   7.63259235e-01,   2.24152215e-01],\n",
        "       [  5.45664226e-02,   5.70446200e-01,   3.74987377e-01],\n",
        "       [  4.72562725e-03,   5.71460890e-01,   4.23813483e-01],\n",
        "       [  9.64994251e-04,   5.33609438e-01,   4.65425568e-01],\n",
        "       [  4.72562725e-03,   5.71460890e-01,   4.23813483e-01],\n",
        "       [  2.28562293e-03,   4.34829865e-01,   5.62884512e-01],\n",
        "       [  1.65448239e-03,   3.43764897e-01,   6.54580620e-01],\n",
        "       [  5.73875172e-04,   3.01460064e-01,   6.97966061e-01],\n",
        "       [  1.23161258e-03,   3.09012832e-01,   6.89755556e-01],\n",
        "       [  1.01591345e-02,   5.94738927e-01,   3.95101939e-01],\n",
        "       [  1.14450110e-02,   7.29817182e-01,   2.58737807e-01],\n",
        "       [  1.30067045e-02,   7.91849177e-01,   1.95144118e-01],\n",
        "       [  1.30067045e-02,   7.91849177e-01,   1.95144118e-01],\n",
        "       [  1.09151546e-02,   6.90135071e-01,   2.98949774e-01],\n",
        "       [  4.88747600e-03,   6.23465215e-01,   3.71647309e-01],\n",
        "       [  2.46774385e-01,   5.85458064e-01,   1.67767552e-01],\n",
        "       [  8.28146357e-02,   4.92343310e-01,   4.24842055e-01],\n",
        "       [  1.66094643e-03,   2.96929507e-01,   7.01409547e-01],\n",
        "       [  5.97349304e-04,   5.60429689e-01,   4.38972961e-01],\n",
        "       [  9.17205719e-02,   6.68298392e-01,   2.39981036e-01],\n",
        "       [  1.80179470e-02,   7.82874870e-01,   1.99107183e-01],\n",
        "       [  2.56859875e-02,   7.71659739e-01,   2.02654273e-01],\n",
        "       [  9.90320823e-03,   5.41071118e-01,   4.49025674e-01],\n",
        "       [  7.61677354e-03,   7.02356829e-01,   2.90026397e-01],\n",
        "       [  6.75061410e-02,   8.30652319e-01,   1.01841540e-01],\n",
        "       [  2.50661688e-02,   7.40033944e-01,   2.34899887e-01],\n",
        "       [  5.71040385e-02,   6.62109359e-01,   2.80786603e-01],\n",
        "       [  3.65860543e-02,   6.85462660e-01,   2.77951286e-01],\n",
        "       [  4.61753841e-03,   5.16549033e-01,   4.78833429e-01],\n",
        "       [  1.02422435e-01,   7.84663850e-01,   1.12913715e-01],\n",
        "       [  2.48707729e-02,   7.02565790e-01,   2.72563437e-01],\n",
        "       [  1.41541041e-02,   4.15235994e-01,   5.70609902e-01],\n",
        "       [  1.09151546e-02,   6.90135071e-01,   2.98949774e-01],\n",
        "       [  4.72348006e-04,   2.00144152e-01,   7.99383500e-01],\n",
        "       [  3.21165098e-03,   4.75614697e-01,   5.21173652e-01],\n",
        "       [  2.26927149e-03,   3.81033577e-01,   6.16697151e-01],\n",
        "       [  2.53824537e-04,   1.25922860e-01,   8.73823315e-01],\n",
        "       [  2.75696376e-01,   6.40737201e-01,   8.35664232e-02],\n",
        "       [  2.75644620e-04,   1.71126010e-01,   8.28598345e-01],\n",
        "       [  4.11628049e-04,   3.76930036e-01,   6.22658336e-01],\n",
        "       [  2.23844069e-03,   1.44567301e-01,   8.53194258e-01],\n",
        "       [  4.47900243e-03,   3.53973002e-01,   6.41547995e-01],\n",
        "       [  1.25532606e-03,   4.64194705e-01,   5.34549969e-01],\n",
        "       [  9.36626948e-04,   2.77152616e-01,   7.21910757e-01],\n",
        "       [  8.07626956e-03,   7.40431798e-01,   2.51491933e-01],\n",
        "       [  1.59515924e-02,   6.76310706e-01,   3.07737701e-01],\n",
        "       [  6.47569064e-03,   3.91594118e-01,   6.01930191e-01],\n",
        "       [  2.26927149e-03,   3.81033577e-01,   6.16697151e-01],\n",
        "       [  1.94890104e-03,   9.39710578e-02,   9.04080041e-01],\n",
